99
6 2 0 2 0 2 0
3 1 0 2 0 0 0
123 42 0 44 0 37 0
350 168 0 113 0 69 0
225 69 0 111 0 45 0
6 0 0 3 0 3 0
3 1 0 1 0 1 0
18 9 0 4 0 5 0
646 177 0 223 0 246 0
990 275 0 335 0 380 0
127 38 0 29 0 60 0
287 53 0 112 0 122 0
159 36 0 52 0 71 0
14 6 0 5 0 3 0
289 90 0 66 0 133 0
627 238 0 55 0 334 0
982 393 0 389 0 200 0
744 431 0 146 0 167 0
892 66 0 29 0 797 0
545 144 0 194 0 207 0
463 180 0 67 0 216 0
306 56 0 139 0 111 0
978 218 0 285 0 475 0
170 84 0 78 0 8 0
706 290 0 160 0 256 0
840 272 0 149 0 419 0
630 167 0 295 0 168 0
200 71 0 99 0 30 0
999 333 0 333 0 333 0
384 191 0 94 0 99 0
363 171 0 84 0 108 0
393 6 0 191 0 196 0
525 244 0 79 0 202 0
893 346 0 102 0 445 0
172 45 0 81 0 46 0
503 153 0 249 0 101 0
1000 500 0 500 0 0 0
999 250 0 499 0 250 0
453 190 0 165 0 98 0
1000 500 0 250 0 250 0
216 85 0 23 0 108 0
786 262 0 363 0 161 0
705 324 0 30 0 351 0
4 1 0 0 0 3 0
999 249 0 250 0 500 0
887 326 0 319 0 242 0
99 34 0 20 0 45 0
999 499 0 499 0 1 0
297 77 0 89 0 131 0
5 2 0 2 0 1 0
1000 333 0 334 0 333 0
149 106 0 16 0 27 0
442 187 0 145 0 110 0
991 207 0 393 0 391 0
823 260 0 384 0 179 0
4 2 0 1 0 1 0
152 41 0 39 0 72 0
127 84 0 3 0 40 0
5 3 0 1 0 1 0
234 76 0 93 0 65 0
21 8 0 4 0 9 0
10 5 0 0 0 5 0
396 92 0 195 0 109 0
219 86 0 98 0 35 0
318 28 0 145 0 145 0
4 1 0 1 0 2 0
7 2 0 3 0 2 0
318 98 0 77 0 143 0
709 197 0 179 0 333 0
752 281 0 228 0 243 0
504 203 0 70 0 231 0
482 216 0 169 0 97 0
1000 1 0 499 0 500 0
218 63 0 95 0 60 0
122 35 0 57 0 30 0
123 51 0 20 0 52 0
626 41 0 4 0 581 0
999 500 0 499 0 0 0
963 13 0 883 0 67 0
1000 499 0 501 0 0 0
150 47 0 53 0 50 0
5 3 0 0 0 2 0
786 236 0 466 0 84 0
966 371 0 313 0 282 0
749 90 0 305 0 354 0
315 98 0 83 0 134 0
4 0 0 2 0 2 0
438 155 0 200 0 83 0
4 1 0 2 0 1 0
131 34 0 55 0 42 0
84 18 0 48 0 18 0
378 118 0 102 0 158 0
3 0 0 3 0 0 0
6 1 0 3 0 2 0
614 175 0 383 0 56 0
159 47 0 33 0 79 0
255 120 0 101 0 34 0
3 0 0 1 0 2 0
179 85 0 12 0 82 0
