99
2525 1
2400 5
300 2
120 60
60 90
792825726 1
491736812 2728
286901420 1
213959807 1145
632493321 1
332111882 6699
476473321 1
231997729 3874
251422 1
63754 9504
76865235 1
34097874 3221
709477865 1
458789157 2676
708934129 1
55646420 3245
974747972 1
313438064 6538
1000000000 1
1 1
621245844 1
242122221 9914
298509891 1
252050615 902
680167496 1
559832085 90
200000 2
5001 1
5000 9
585922364 1
445512487 8286
430505021 1
124004627 5988
914032404 1
469679192 2394
813113348 1
768134675 6688
473925951 1
188436041 1478
43234953 1
41598528 7189
45865336 1
13151601 8970
776945891 1
105867420 2961
398213620 1
37035741 590
119493650 1
51389351 3163
159809567 1
54988977 1113
1000000000 1
999999999 10000
26616717 1
5180627 1241
1000000000 2
999999996 3
999999997 2
983389324 1
958893649 4867
935177992 1
432664418 9426
86030487 1
48323524 4981
506680435 1
377065737 6886
1000000000 2
2 2
1 3
231825991 1
73102766 109
646212210 1
332026220 7528
308851299 1
129464461 3411
1000000000 1
999999999 1
248825427 1
230181917 4674
968999377 1
875171261 5840
842019177 1
25094595 8561
409915416 1
144196775 1895
3492234 1
526312 9743
267544310 1
166021389 7813
948145228 1
611778682 1075
773992557 1
128836110 8192
252404063 1
28705261 4215
196621166 1
167063626 2981
1000000000 2
999000000 10000
998000000 10000
816583391 1
640334760 7786
928566532 1
827447072 4335
149084971 1
89269750 1470
1000000000 2
999999997 3
999999998 2
243410677 1
163200251 4679
496726306 1
241031619 5065
153239165 1
153194542 7253
324513634 1
203367942 5338
291806498 1
174591681 5715
357459669 1
233044706 8342
55717361 1
30398286 6175
672726163 1
361663018 4561
159640465 1
25853503 7241
511635365 2
193475785 7957
446128235 5509
2 1
1 10000
522266900 1
123777105 418
581614107 2
222429436 9398
126711542 8094
188688093 1
130481786 9378
910875152 1
794244834 3720
299385481 1
285822927 3799
618446975 1
46200342 3774
718424070 1
21484463 5325
460873318 1
53849174 8853
763220590 1
294948016 6525
1000000000 1
1 10000
379807135 1
34545703 2093
1000000000 2
999999999 2
999999998 3
821787148 1
585349363 2134
917409784 1
151147812 7569
2 1
1 1
362881692 1
185108235 2032
681699429 1
131662381 4414
15021558 1
3236672 473
645339466 1
522718053 2943
273615940 1
73971561 8605
677204959 1
243094713 765
618024302 1
304776593 7699
507227428 1
284590442 1102
468727008 1
431206186 6033
567107841 1
270885489 4712
1000000000 2
12345676 2
12345675 3
175950224 1
128638182 4724
230837714 1
5324524 6656
232399079 1
74056294 7134
1000000000 2
999000000 1
998000000 1
1000000000 2
200 10000
100 10000
563118547 1
361265450 1135
130671606 1
4402211 9441
583110466 1
133992487 6340
